year	doy	hour	Tair	Tsoil	RH	VPD	Rain	WS	PAR
2022	239	16	22.165	14.275	49.85	25.5185	0.6	0.809	1230.0
2022	239	17	23.635	14.725000000000001	48.85	97.0	0.6	0.868	1324.5
2022	239	18	24.225	14.71	46.7	97.0	0.6	0.924	1260.0
2022	239	19	24.335	14.67	45.835	96.9	0.0	0.8975	1181.5
2022	239	20	24.645	14.66	45.385000000000005	96.9	0.0	0.9235	1063.5
2022	239	21	24.275	14.66	48.635000000000005	96.9	0.0	0.7935	803.85
2022	239	22	23.31	14.655000000000001	51.14	96.85	0.6	0.7015	406.5
2022	239	23	20.560000000000002	14.65	64.45	96.85	0.0	0.42799999999999994	85.3
2022	240	0	16.71	14.64	83.97	96.9	0.0	0.1025	26.065
2022	240	1	14.25	14.63	96.65	96.85	0.0	0.078	0.0
2022	240	2	12.81	14.63	99.85	96.9	0.0	0.07150000000000001	0.0
2022	240	3	12.129999999999999	14.625	99.9	96.9	0.0	0.096	0.0
2022	240	4	11.705	14.63	99.9	96.85	0.0	0.1155	0.0
2022	240	5	11.42	14.64	99.9	96.9	0.0	0.079	0.0
2022	240	6	22.14	14.53	91.5	4.36	0.0	0.48	372.4
2022	240	7	22.91	14.54	90.85	95.95	0.0	0.5445	233.25
2022	240	8	22.645	14.55	93.4	95.9	0.0	0.4445	126.8
2022	240	9	21.835	14.56	97.6	95.9	0.0	0.5355	40.9925
2022	240	10	21.555	14.56	96.55000000000001	95.95	0.0	0.659	0.0
2022	240	11	21.27	14.57	98.85	95.85	0.0	0.556	0.0
2022	240	12	21.03	14.57	99.85	95.8	0.0	0.616	0.0
2022	240	13	21.165	14.585	99.95	95.9	0.0	0.734	0.0
2022	240	14	20.46	14.585	99.9	95.85	0.0	0.4285	0.0
2022	240	15	20.065	14.58	98.85	95.85	0.0	0.751	0.0
2022	240	16	19.134999999999998	14.58	92.85	95.9	0.0	0.7689999999999999	0.0
2022	240	17	18.395000000000003	14.58	93.7	95.9	0.0	0.6265000000000001	0.0
2022	240	18	18.615000000000002	14.585	96.3	95.9	0.0	0.745	0.0
2022	240	19	19.04	14.594999999999999	96.2	95.9	0.0	0.746	0.0
2022	240	20	19.4	14.6	95.5	95.85	0.0	0.6174999999999999	46.51
2022	240	21	19.87	14.6	94.55	95.9	0.0	0.6705000000000001	91.1
2022	240	22	20.39	14.605	93.15	95.9	0.0	0.7025	129.5
2022	240	23	20.590000000000003	14.614999999999998	93.0	95.85	0.0	0.5725	178.85000000000002
2022	241	0	20.795	14.625	93.15	95.85	0.0	0.5345	217.95
2022	241	1	21.505000000000003	14.635000000000002	90.8	95.8	0.0	0.653	461.5
2022	241	2	22.835	14.66	85.0	95.8	0.0	0.6825	615.7
2022	241	3	24.72	14.7	76.86000000000001	95.7	0.0	0.7255	917.5
2022	241	4	24.369999999999997	14.71	78.17	95.7	0.6	0.6735	440.6
1946	205	19	24.225	14.715	78.565	95.7	0.0	0.7715000000000001	485.65000000000003
1946	205	20	23.335	14.74	83.85	95.65	0.0	0.534	152.35000000000002
1946	205	21	22.475	14.754999999999999	89.65	95.6	0.0	0.5295	117.3
1946	205	22	21.615000000000002	14.754999999999999	94.5	95.7	0.0	0.3895	77.25999999999999
1946	205	23	21.145	14.774999999999999	96.1	95.69999999999999	0.0	0.356	0.0
1946	206	0	20.33	14.795	97.25	95.6	0.0	0.777	0.0
1946	206	1	18.655	14.805	99.9	95.55	0.0	0.4105	0.0
1946	206	2	18.165	14.825	99.9	95.5	0.0	0.33699999999999997	0.0
1946	206	3	17.035	14.83	99.9	95.55	0.0	0.2835	0.0
1946	206	4	16.240000000000002	14.815000000000001	99.9	95.6	0.0	0.17099999999999999	0.0
1946	206	5	15.375	14.815000000000001	99.9	95.6	0.0	0.185	0.0
1946	206	6	15.03	14.795	99.9	95.6	0.0	0.18	0.0
1946	206	7	15.29	14.785	99.9	95.6	0.0	0.309	0.0
1946	206	8	15.455	14.774999999999999	99.9	95.7	0.0	0.345	0.0
2022	243	1	14.97	14.77	99.9	95.6	0.0	0.353	0.0
2022	243	2	11.26	14.63	99.9	96.8	0.0	0.083	0.0
2022	243	3	11.120000000000001	14.625	99.9	96.85	0.0	0.082	0.0
2022	243	4	11.43	14.62	99.9	96.85	0.0	0.1355	0.0
2022	243	5	11.415	14.62	99.85	96.9	0.0	0.14550000000000002	0.0
2022	243	6	11.55	14.614999999999998	99.9	96.9	0.0	0.16249999999999998	0.0
2022	243	7	11.379999999999999	14.605	99.95	96.95	0.0	0.14850000000000002	0.0
2022	243	8	11.68	14.58	99.9	96.95	0.0	0.11699999999999999	49.405
2022	243	9	14.495000000000001	14.585	99.9	97.0	0.0	0.134	117.8
2022	243	10	17.455	14.605	99.85	96.95	0.0	0.3065	341.20000000000005
2022	243	11	21.685000000000002	14.65	62.69500000000001	97.0	0.0	0.484	537.65
2022	243	12	23.810000000000002	14.684999999999999	52.055	97.0	0.6	0.604	1101.5
2022	243	13	25.32	14.715	51.945	97.0	0.0	0.6719999999999999	1273.5
2022	243	14	26.505000000000003	14.72	48.975	97.0	0.0	0.6214999999999999	1363.5
2022	243	15	26.92	14.71	46.56	97.0	0.0	0.634	1363.0
2022	243	16	27.495	14.65	45.7	96.95	0.0	0.6214999999999999	1244.0
2022	243	17	27.479999999999997	14.635000000000002	46.54	96.95	0.0	0.6739999999999999	1067.0
2022	243	18	27.265	14.62	47.33	96.9	0.6	0.5680000000000001	882.0
2022	243	19	26.0	14.6	53.519999999999996	96.9	0.0	0.39849999999999997	413.95000000000005
2022	243	20	21.705	14.575	78.155	96.8	0.0	0.125	85.2
2022	243	21	18.785	14.545	94.05	96.8	0.0	0.04	28.185
2022	243	22	16.564999999999998	14.524999999999999	99.4	96.8	0.0	0.067	0.0
2022	243	23	15.32	14.52	99.9	96.9	0.0	0.0465	0.0
2022	244	0	14.434999999999999	14.51	99.9	96.85	0.0	0.051500000000000004	0.0
2022	244	1	13.845	14.52	99.9	96.9	0.0	0.047	0.0
2022	244	2	13.47	14.52	99.9	96.9	0.0	0.058499999999999996	0.0
2022	244	3	13.035	14.53	99.9	96.8	0.0	0.0445	0.0
2022	244	4	12.735	14.54	99.9	96.8	0.0	0.055999999999999994	0.0
2022	244	5	12.82	14.54	99.9	96.75	0.0	0.0775	0.0
2022	244	6	12.615	14.55	99.9	96.75	0.0	0.10400000000000001	0.0
2022	244	7	11.99	14.55	99.9	96.75	0.0	0.066	0.0
2022	244	8	11.8	14.54	99.9	96.7	0.0	0.0755	49.4
2022	244	9	14.7	14.55	99.9	96.75	0.0	0.137	132.3
2022	244	10	19.195	14.585	99.9	96.75	0.0	0.362	350.9
2022	244	11	23.630000000000003	14.65	72.525	96.7	0.0	0.5205	556.25
2022	244	12	25.95	14.71	59.675	96.7	0.0	0.5765	1087.5
2022	244	13	27.8	14.76	54.035	96.7	0.0	0.554	1251.5
2022	244	14	28.875	14.785	51.025	96.65	0.0	0.5660000000000001	1363.0
2022	244	15	29.355	14.78	48.31	96.6	0.0	0.6255	1362.5
2022	244	16	29.53	14.75	45.945	96.5	0.0	0.6105	1230.5
2022	244	17	29.715	14.74	46.144999999999996	96.45	0.0	0.6335	1057.0
2022	244	18	29.19	14.73	50.135	96.4	0.6	0.554	864.0
2022	244	19	26.744999999999997	14.71	60.19499999999999	96.35	1.2	0.378	399.6
2022	244	20	22.28	14.66	83.36	96.3	0.0	0.122	85.2
2022	244	21	19.415	14.620000000000001	96.0	96.25	0.0	0.1095	24.625
2022	244	22	17.29	14.59	99.8	96.2	0.0	0.081	0.0
2022	244	23	16.314999999999998	14.565000000000001	99.9	96.25	0.0	0.1165	0.0
2022	245	0	15.84	14.55	99.95	96.2	0.0	0.123	0.0
2022	245	1	16.12	14.545	99.9	96.15	0.0	0.1565	0.0
2022	245	2	16.494999999999997	14.55	99.9	96.05	0.0	0.14900000000000002	0.0
2022	245	3	16.72	14.55	99.9	96.0	0.0	0.176	0.0
2022	245	4	17.505000000000003	14.555	99.9	96.0	0.0	0.20400000000000001	0.0
2022	245	5	17.765	14.565000000000001	99.9	95.9	0.0	0.22	0.0
2022	245	6	18.045	14.58	99.9	95.9	0.0	0.3395	0.0
2022	245	7	19.009999999999998	14.605	99.9	96.0	0.0	0.377	0.0
2022	245	8	19.985	14.635000000000002	97.75	96.0	0.0	0.5229999999999999	32.9875
2022	245	9	20.939999999999998	14.655000000000001	86.55	96.05	0.0	0.421	114.60000000000001
2022	245	10	22.805	14.684999999999999	78.555	96.15	0.0	0.4085	286.6
2022	245	11	24.185	14.735	70.025	96.2	0.0	0.683	501.95000000000005
2022	245	12	24.32	14.785	60.955	96.35	0.0	0.9045000000000001	1025.0
2022	245	13	24.950000000000003	14.83	54.965	96.4	0.0	0.98	1232.0
2022	245	14	24.585	14.855	50.945	96.45	0.0	0.9359999999999999	1163.0
2022	245	15	24.590000000000003	14.855	46.64	96.55	0.0	0.8955	1245.5
2022	245	16	24.51	14.82	46.265	96.65	0.0	0.963	1191.0
2022	245	17	23.85	14.81	48.28	96.75	0.0	0.8765000000000001	1033.5
2022	245	18	23.130000000000003	14.805	48.2	96.8	0.0	0.734	804.85
2022	245	19	21.564999999999998	14.785	51.245	96.9	0.0	0.5335000000000001	347.25
2022	245	20	19.37	14.765	59.370000000000005	97.0	0.0	0.449	85.3
2022	245	21	16.615000000000002	14.735	68.045	96.95	0.0	0.34099999999999997	18.25
2022	245	22	13.93	14.71	81.03	97.05	0.0	0.169	0.0
2022	245	23	13.190000000000001	14.68	87.55	97.2	0.0	0.2935	0.0
2022	246	0	13.035	14.67	87.05	97.35	0.0	0.23199999999999998	0.0
2022	246	1	12.075	14.655000000000001	92.69999999999999	97.3	0.0	0.2465	0.0
2022	246	2	12.215	14.65	89.9	97.4	0.0	0.3055	0.0
2022	246	3	11.055	14.64	92.25	97.5	0.0	0.21000000000000002	0.0
2022	246	4	9.739999999999998	14.614999999999998	98.5	97.55	0.0	0.195	0.0
2022	246	5	8.815000000000001	14.6	99.80000000000001	97.55	0.0	0.138	0.0
2022	246	6	7.5755	14.585	99.9	97.65	0.0	0.128	0.0
2022	246	7	6.022	14.56	99.85	97.75	0.0	0.121	0.0
2022	246	8	5.421	14.535	99.85	97.75	0.0	0.11649999999999999	37.318
2022	246	9	8.734	14.524999999999999	99.9	97.9	0.0	0.3025	142.15
2022	246	10	12.809999999999999	14.56	76.86	97.95	0.0	0.651	431.75
2022	246	11	14.42	14.61	61.33	98.0	0.0	0.623	437.85
2022	246	12	16.075	14.67	54.6	98.0	0.0	0.656	1089.5
2022	246	13	17.42	14.72	50.345	98.05	0.0	0.659	1249.0
2022	246	14	18.65	14.75	48.489999999999995	98.0	0.0	0.69	1365.0
2022	246	15	19.525	14.745000000000001	46.685	98.0	0.0	0.7155	1364.0
2022	246	16	20.14	14.705	46.97	98.0	0.0	0.6805000000000001	1217.0
2022	246	17	20.605	14.7	46.95	98.0	0.0	0.615	1038.0
2022	246	18	20.795	14.7	47.095	97.9	0.0	0.5315	870.0
2022	246	19	19.655	14.684999999999999	51.535	97.9	0.0	0.345	397.25
2022	246	20	15.935	14.645	72.99	97.85	0.0	0.14300000000000002	85.3
2022	246	21	12.39	14.61	92.2	97.85	0.0	0.089	15.405
2022	246	22	9.925	14.57	98.55	97.85	0.0	0.076	0.0
2022	246	23	8.629999999999999	14.524999999999999	99.9	97.9	0.0	0.1195	0.0
2022	247	0	8.0115	14.5	99.9	97.9	0.0	0.14350000000000002	0.0
2022	247	1	6.9145	14.475000000000001	99.9	97.95	0.0	0.1235	0.0
2022	247	2	6.746499999999999	14.44	99.9	97.9	0.0	0.2725	0.0
2022	247	3	6.228	14.415	99.9	97.9	0.0	0.1595	0.0
2022	247	4	5.060499999999999	14.385000000000002	99.9	97.9	0.0	0.1295	0.0
2022	247	5	4.6555	14.355	99.9	97.95	0.0	0.10300000000000001	0.0
2022	247	6	4.135	14.325	99.9	97.9	0.0	0.107	0.0
2022	247	7	3.919	14.295	99.9	97.85	0.0	0.1215	0.0
2022	247	8	5.882	14.274999999999999	99.9	97.9	0.0	0.15150000000000002	37.34
2022	247	9	8.35	14.295	99.9	97.95	0.0	0.238	123.64999999999999
2022	247	10	10.275	14.31	99.9	97.9	0.0	0.40700000000000003	376.75
2022	247	11	13.469999999999999	14.355	93.05	97.95	0.0	0.678	486.45
2022	247	12	15.579999999999998	14.395	67.69	97.8	0.0	0.6485000000000001	1028.5
2022	247	13	17.66	14.434999999999999	56.765	97.8	0.0	0.6615	1194.0
2022	247	14	19.04	14.455	50.400000000000006	97.75	0.0	0.7695000000000001	1233.0
2022	247	15	20.47	14.45	48.845	97.7	0.0	0.683	1221.5
2022	247	16	21.240000000000002	14.405000000000001	47.465	97.65	0.0	0.7625	1144.0
2022	247	17	21.395	14.385000000000002	44.205	97.55	0.0	0.7889999999999999	983.0
2022	247	18	21.365000000000002	14.375	46.265	97.5	0.0	0.5985	751.2
2022	247	19	20.02	14.35	51.18	97.5	0.0	0.4125	330.25
2022	247	20	16.29	14.31	70.765	97.4	0.0	0.203	85.3
2022	247	21	12.3	14.26	91.4	97.4	0.0	0.1505	10.43
2022	247	22	10.16	14.22	98.75	97.4	0.0	0.1335	0.0
2022	247	23	9.415	14.175	99.85	97.4	0.0	0.2165	0.0
2022	248	0	9.76	14.15	99.9	97.4	0.0	0.281	0.0
2022	248	1	9.29	14.125	99.9	97.45	0.0	0.31599999999999995	0.0
2022	248	2	8.36	14.105	99.85	97.45	0.0	0.269	0.0
2022	248	3	7.8294999999999995	14.075	99.9	97.4	0.0	0.23249999999999998	0.0
2022	248	4	6.7955	14.05	99.85	97.35	0.0	0.191	0.0
2022	248	5	6.355	14.015	99.9	97.4	0.0	0.21100000000000002	0.0
2022	248	6	8.945	14.004999999999999	99.9	97.4	0.0	0.3715	0.0
2022	248	7	10.07	14.02	99.85	97.4	0.0	0.44999999999999996	0.0
2022	248	8	10.065000000000001	14.02	99.9	97.4	0.0	0.46199999999999997	30.18
2022	248	9	10.445	14.03	99.9	97.45	0.0	0.47550000000000003	95.05
2022	248	10	11.350000000000001	14.024999999999999	99.9	97.45	0.0	0.59	208.4
2022	248	11	13.015	14.03	99.9	97.45	0.0	0.627	326.15
2022	248	12	15.435	14.055	97.35	97.4	0.0	0.659	600.8
2022	248	13	18.0	14.094999999999999	78.47999999999999	97.45	0.0	0.712	773.5
2022	248	14	20.28	14.129999999999999	65.94	97.4	0.0	0.848	1266.0
2022	248	15	22.215	14.155000000000001	58.730000000000004	97.3	0.0	0.8065	1289.5
2022	248	16	23.035	14.114999999999998	55.644999999999996	97.3	0.0	0.8919999999999999	1126.5
2022	248	17	22.424999999999997	14.1	58.230000000000004	97.2	0.0	0.6775	656.25
2022	248	18	22.435000000000002	14.1	61.0	97.2	0.0	0.5675	553.1
2022	248	19	21.48	14.085	62.709999999999994	97.2	0.0	0.6180000000000001	311.65
2022	248	20	19.54	14.055	70.235	97.2	0.0	0.33699999999999997	85.3
2022	248	21	15.675	14.015	90.2	97.15	0.0	0.2025	5.45
2022	248	22	15.195	13.97	94.2	97.2	0.0	0.431	0.0
2022	248	23	14.875	13.95	92.75	97.2	0.0	0.4195	0.0
2022	249	0	12.774999999999999	13.925	98.25	97.2	0.0	0.2675	0.0
2022	249	1	12.055	13.895	99.9	97.2	0.0	0.2485	0.0
2022	249	2	11.04	13.864999999999998	99.9	97.25	0.0	0.267	0.0
2022	249	3	11.530000000000001	13.844999999999999	99.9	97.2	0.0	0.4585	0.0
2022	249	4	11.57	13.84	99.9	97.2	0.0	0.5880000000000001	0.0
2022	249	5	11.370000000000001	13.83	99.85	97.2	0.0	0.31899999999999995	0.0
2022	249	6	11.305	13.81	99.85	97.25	0.0	0.33799999999999997	0.0
2022	249	7	11.69	13.8	99.85	97.2	0.0	0.446	0.0
2022	249	8	11.969999999999999	13.8	99.9	97.2	0.0	0.3635	43.7195
2022	249	9	13.315000000000001	13.795	99.9	97.2	0.0	0.499	125.2
2022	249	10	16.26	13.815000000000001	93.75	97.2	0.0	0.49950000000000006	331.29999999999995
2022	249	11	19.155	13.86	83.5	97.2	0.0	0.6545	480.15
2022	249	12	21.275	13.91	75.845	97.2	0.0	0.6060000000000001	941.5
2022	249	13	23.85	13.96	69.18	97.25	0.0	0.6675	1080.5
2022	249	14	25.490000000000002	13.995000000000001	65.00999999999999	97.3	0.0	0.708	1188.0
2022	249	15	26.285	14.004999999999999	65.0	97.2	0.0	0.625	1075.5
2022	249	16	26.125	13.985	68.305	97.2	0.0	0.5875	694.15
2022	249	17	27.17	13.99	64.395	97.2	0.0	0.5305	790.5
2022	249	18	26.655	13.98	67.96000000000001	97.2	0.0	0.5225	485.85
2022	249	19	25.119999999999997	13.975000000000001	74.03	97.3	0.0	0.36250000000000004	223.95
2022	249	20	22.375	13.945	90.15	97.3	0.0	0.1345	85.25
2022	249	21	19.775	13.92	97.69999999999999	97.3	0.0	0.056999999999999995	13.975
2022	249	22	17.515	13.879999999999999	99.95	97.45	0.0	0.051000000000000004	0.0
2022	249	23	16.14	13.844999999999999	99.95	97.5	0.0	0.0985	0.0
2022	250	0	14.780000000000001	13.825	99.9	97.5	0.0	0.08549999999999999	0.0
2022	250	1	13.395	13.8	99.9	97.5	0.0	0.10600000000000001	0.0
2022	250	2	12.79	13.77	99.9	97.6	0.0	0.11599999999999999	0.0
2022	250	3	12.25	13.754999999999999	99.9	97.55	0.0	0.115	0.0
2022	250	4	10.835	13.725000000000001	99.9	97.6	0.0	0.1285	0.0
2022	250	5	9.475	13.695	99.9	97.6	0.0	0.0865	0.0
2022	250	6	8.325	13.675	99.85	97.6	0.0	0.08299999999999999	0.0
2022	250	7	7.4559999999999995	13.65	99.9	97.7	0.0	0.0665	0.0
2022	250	8	6.8565000000000005	13.625	99.9	97.7	0.0	0.0935	34.465
2022	250	9	8.824	13.61	99.85	97.7	0.0	0.123	137.14999999999998
2022	250	10	15.115	13.629999999999999	99.9	97.75	0.0	0.1985	359.0
2022	250	11	19.75	13.7	65.605	97.7	0.0	0.47750000000000004	452.4
2022	250	12	22.535	13.754999999999999	43.269999999999996	97.7	0.0	0.6305000000000001	1008.5
2022	250	13	24.189999999999998	13.82	37.96	97.7	0.0	0.669	1184.5
2022	250	14	25.305	13.85	34.3	97.65	0.0	0.589	1226.5
2022	250	15	25.6	13.85	33.675	97.6	0.0	0.5894999999999999	1200.5
2022	250	16	25.87	13.81	34.620000000000005	97.45	0.0	0.5675	1023.0
2022	250	17	25.615000000000002	13.81	38.334999999999994	97.4	0.0	0.441	872.75
2022	250	18	25.955	13.81	42.235	97.35	0.0	0.39249999999999996	750.6
2022	250	19	22.965	13.785	56.68	97.25	0.0	0.2715	216.45000000000002
2022	250	20	18.68	13.75	84.9	97.15	0.0	0.075	85.1
2022	250	21	15.510000000000002	13.71	96.0	97.1	0.6	0.0605	6.275
2022	250	22	13.635	13.675	99.80000000000001	97.1	0.0	0.0765	0.0
2022	250	23	13.035	13.655000000000001	99.9	97.0	0.0	0.128	0.0
2022	251	0	14.625	13.64	98.55000000000001	96.9	0.0	0.423	0.0
2022	251	1	16.975	13.64	83.65	96.85	0.0	0.41800000000000004	0.0
2022	251	2	16.27	13.64	86.7	96.75	0.0	0.3725	0.0
2022	251	3	16.07	13.63	90.7	96.65	0.0	0.40900000000000003	0.0
2022	251	4	15.77	13.63	96.95	96.6	0.0	0.353	0.0
2022	251	5	16.0	13.63	99.7	96.45	0.0	0.3675	0.0
2022	251	6	17.475	13.63	99.9	96.4	0.0	0.4565	0.0
2022	251	7	17.759999999999998	13.64	99.9	96.35	0.0	0.472	0.0
2022	251	8	18.08	13.65	99.9	96.25	0.0	0.4845	45.809999999999995
2022	251	9	18.98	13.665	99.80000000000001	96.15	0.0	0.794	132.9
2022	251	10	21.115000000000002	13.69	89.8	96.0	0.0	0.79	320.1
2022	251	11	21.985	13.715	84.25	95.95	0.0	0.9809999999999999	379.29999999999995
2022	251	12	22.85	13.745000000000001	80.75	95.8	0.0	0.7404999999999999	462.15
2022	251	13	24.03	13.77	76.46000000000001	95.85	0.0	0.615	630.8
2022	251	14	24.615000000000002	13.8	74.705	95.75	0.6	0.7205	570.8499999999999
2022	251	15	26.369999999999997	13.82	67.08500000000001	95.7	0.0	0.846	969.5
2022	251	16	26.61	13.83	66.81	95.7	0.0	0.762	685.8
2022	251	17	26.64	13.835	68.265	95.7	0.0	0.5755	512.45
2022	251	18	25.46	13.84	77.045	95.8	0.0	0.338	179.7
2022	251	19	24.6	13.83	79.55	95.8	0.0	0.2825	137.15
2022	251	20	23.225	13.83	85.15	95.8	0.0	0.227	90.965
2022	251	21	20.57	13.805	95.95	95.95	0.0	0.1615	0.0
2022	251	22	21.0	13.79	89.94999999999999	96.05	0.0	0.745	0.0
2022	251	23	19.615000000000002	13.79	86.75	96.1	0.0	0.616	0.0
2022	252	0	18.240000000000002	13.785	83.19999999999999	96.15	0.0	0.569	0.0
2022	252	1	17.365000000000002	13.77	85.05	96.3	0.0	0.77	0.0
2022	252	2	16.41	13.765	85.65	96.25	0.0	0.4415	0.0
2022	252	3	15.67	13.754999999999999	92.6	96.35	0.0	0.2645	0.0
2022	252	4	15.365	13.75	90.55000000000001	96.35	0.0	0.439	0.0
2022	252	5	14.795	13.74	90.80000000000001	96.5	0.0	0.34450000000000003	0.0
2022	252	6	14.535	13.74	89.7	96.4	0.0	0.356	0.0
2022	252	7	14.094999999999999	13.735	92.1	96.4	0.0	0.48150000000000004	0.0
2022	252	8	13.665	13.72	91.5	96.35	0.0	0.3045	0.0
2022	252	9	12.92	13.73	98.3	96.5	0.0	0.16949999999999998	37.995
2022	252	10	13.265	13.725000000000001	99.9	96.6	0.0	0.194	138.95
2022	252	11	14.36	13.74	99.4	96.55	0.0	0.27649999999999997	266.2
2022	252	12	15.29	13.754999999999999	92.1	96.65	0.0	0.40149999999999997	328.79999999999995
2022	252	13	16.605	13.78	82.60499999999999	96.65	0.0	0.516	648.05
2022	252	14	18.689999999999998	13.825	67.305	96.65	0.6	0.5455	727.55
2022	252	15	18.78	13.83	63.195	96.7	0.0	0.4665	616.7
2022	252	16	19.435	13.83	61.129999999999995	96.65	0.0	0.505	612.05
2022	252	17	20.189999999999998	13.844999999999999	57.555	96.7	0.0	0.4615	684.55
2022	252	18	18.595	13.835	69.24	96.75	0.0	0.297	170.85
2022	252	19	17.995	13.82	75.84	96.7	0.0	0.2395	182.05
2022	252	20	17.025	13.82	82.75	96.75	0.0	0.2135	64.515
2022	252	21	14.745	13.795	93.0	96.85	0.0	0.1625	0.0
2022	252	22	13.615	13.774999999999999	99.55	96.95	0.0	0.0985	0.0
2022	252	23	11.934999999999999	13.75	99.9	96.9	0.0	0.088	0.0
2022	253	0	11.344999999999999	13.725000000000001	99.9	97.0	0.0	0.091	0.0
2022	253	1	11.27	13.715	99.9	97.05	0.0	0.125	0.0
2022	253	2	10.565	13.7	99.85	97.1	0.0	0.0995	0.0
2022	253	3	8.54	13.67	99.9	97.1	0.0	0.0875	0.0
2022	253	4	6.689	13.635	99.85	97.15	0.0	0.0805	0.0
2022	253	5	5.2829999999999995	13.6	99.9	97.1	0.0	0.089	0.0
2022	253	6	4.342499999999999	13.56	99.85	97.1	0.0	0.1055	0.0
2022	253	7	3.99	13.53	99.9	97.2	0.0	0.086	0.0
2022	253	8	3.7935	13.504999999999999	99.85	97.3	0.0	0.08549999999999999	20.93
2022	253	9	5.6	13.485	99.9	97.3	0.0	0.123	138.14999999999998
2022	253	10	12.14	13.5	99.9	97.3	0.0	0.21699999999999997	328.2
2022	253	11	16.025	13.57	72.39	97.3	0.0	0.39749999999999996	496.15
2022	253	12	18.23	13.629999999999999	48.965	97.35	0.0	0.5760000000000001	996.0
2022	253	13	19.61	13.695	44.825	97.4	0.0	0.6895	1142.0
2022	253	14	20.005	13.71	42.9	97.4	0.0	0.659	1114.0
2022	253	15	17.009999999999998	13.695	69.85	97.35	0.0	0.381	545.15
2022	253	16	15.245000000000001	13.65	74.19	97.4	0.0	0.4335	448.59999999999997
2022	253	17	15.344999999999999	13.63	91.8	97.35	0.0	0.241	623.15
2022	253	18	18.064999999999998	13.635000000000002	66.41499999999999	97.3	0.0	0.4	634.2
2022	253	19	14.76	13.61	75.53	97.4	0.0	0.29	95.25
2022	253	20	12.045	13.57	85.05000000000001	97.4	0.0	0.14350000000000002	75.195
2022	253	21	8.879999999999999	13.524999999999999	96.3	97.4	0.0	0.075	0.0
2022	253	22	6.872	13.475000000000001	99.6	97.45	0.0	0.07150000000000001	0.0
2022	253	23	5.6905	13.434999999999999	99.85	97.5	0.0	0.0795	0.0
2022	254	0	4.8885000000000005	13.4	99.85	97.55	0.0	0.0935	0.0
2022	254	1	4.4945	13.370000000000001	99.85	97.6	0.0	0.08449999999999999	0.0
2022	254	2	3.9455	13.344999999999999	99.9	97.55	0.0	0.086	0.0
2022	254	3	3.475	13.315000000000001	99.9	97.6	0.0	0.089	0.0
2022	254	4	3.112	13.285	99.9	97.55	0.0	0.088	0.0
2022	254	5	2.675	13.254999999999999	99.85	97.6	0.0	0.0865	0.0
2022	254	6	2.273	13.225000000000001	99.8	97.55	0.0	0.0935	0.0
2022	254	7	2.6755	13.2	99.9	97.55	0.0	0.10300000000000001	0.0
2022	254	8	3.795	13.19	99.9	97.6	0.0	0.0775	21.645
2022	254	9	5.037	13.19	99.9	97.55	0.0	0.1355	120.8
2022	254	10	10.98	13.21	99.9	97.6	0.0	0.2105	312.7
2022	254	11	14.56	13.27	92.75	97.6	0.0	0.381	496.65
2022	254	12	17.195	13.325	56.425	97.65	0.0	0.5355000000000001	999.5
2022	254	13	19.055	13.39	49.165	97.6	0.0	0.581	1170.0
2022	254	14	19.990000000000002	13.42	45.405	97.55	0.0	0.6575	1196.0
2022	254	15	20.46	13.415	43.760000000000005	97.45	0.0	0.6485000000000001	1189.5
2022	254	16	21.435	13.385000000000002	42.75	97.4	0.0	0.55	1135.5
2022	254	17	21.275	13.38	38.715	97.4	0.0	0.602	979.0
2022	254	18	20.945	13.370000000000001	43.33	97.3	0.0	0.5209999999999999	704.9
2022	254	19	18.33	13.34	55.235	97.3	0.0	0.304	130.4
2022	254	20	14.315000000000001	13.29	81.58000000000001	97.3	0.6	0.081	77.25
2022	254	21	10.915	13.25	95.9	97.25	0.0	0.069	0.0
2022	254	22	8.8	13.205	99.65	97.25	0.0	0.131	0.0
2022	254	23	7.3495	13.17	99.9	97.2	0.0	0.081	0.0
2022	255	0	6.1	13.129999999999999	99.9	97.15	0.0	0.0905	0.0
2022	255	1	5.213	13.1	99.85	97.2	0.0	0.0985	0.0
2022	255	2	4.548	13.07	99.9	97.15	0.0	0.093	0.0
2022	255	3	4.139	13.045	99.9	97.05	0.0	0.109	0.0
2022	255	4	3.8275	13.02	99.85	97.05	0.0	0.098	0.0
2022	255	5	3.5755	12.995000000000001	99.9	97.0	0.0	0.0905	0.0
2022	255	6	3.3890000000000002	12.97	99.9	96.95	0.0	0.0965	0.0
2022	255	7	3.098	12.945	99.9	97.0	0.0	0.097	0.0
2022	255	8	3.13	12.92	99.9	96.95	0.0	0.098	18.08
2022	255	9	5.1655	12.91	99.85	97.0	0.0	0.111	120.6
2022	255	10	11.075	12.93	99.9	96.9	0.0	0.2405	266.55
2022	255	11	15.725	13.0	92.45	96.9	0.0	0.467	500.5
2022	255	12	19.355	13.07	53.685	96.85	0.0	0.5285	956.0
2022	255	13	21.79	13.14	47.76	96.9	0.0	0.526	1068.5
2022	255	14	23.66	13.18	44.510000000000005	96.8	0.0	0.503	1187.5
2022	255	15	24.91	13.184999999999999	40.010000000000005	96.8	0.0	0.5945	1193.0
2022	255	16	24.86	13.16	41.144999999999996	96.75	0.0	0.513	975.5
2022	255	17	25.22	13.17	38.760000000000005	96.7	0.0	0.577	885.5
2022	255	18	22.75	13.155000000000001	45.665	96.6	0.0	0.3055	409.85
2022	255	19	19.87	13.125	66.405	96.6	0.0	0.2015	151.95
2022	255	20	16.925	13.094999999999999	87.9	96.6	0.0	0.0765	75.82
2022	255	21	13.55	13.055	97.05	96.55	0.0	0.0475	0.0
2022	255	22	11.175	13.01	99.80000000000001	96.55	0.0	0.0455	0.0
2022	255	23	9.955	12.98	99.9	96.6	0.0	0.0655	0.0
2022	256	0	9.4	12.955	99.9	96.55	0.0	0.0675	0.0
2022	256	1	8.675	12.93	99.9	96.6	0.0	0.0695	0.0
2022	256	2	7.851	12.905000000000001	99.85	96.6	0.0	0.08149999999999999	0.0
2022	256	3	7.353	12.885000000000002	99.9	96.55	0.0	0.0865	0.0
2022	256	4	6.891	12.86	99.9	96.5	0.0	0.095	0.0
2022	256	5	6.4585	12.835	99.9	96.5	0.0	0.087	0.0
2022	256	6	6.2655	12.815000000000001	99.85	96.5	0.0	0.11099999999999999	0.0
2022	256	7	6.42	12.795	99.9	96.6	0.0	0.1665	0.0
2022	256	8	6.6535	12.78	99.85	96.55	0.0	0.1685	23.775
2022	256	9	8.187000000000001	12.77	99.9	96.6	0.0	0.1535	115.55
2022	256	10	13.285	12.795	99.9	96.65	0.0	0.3805	264.04999999999995
2022	256	11	16.275	12.865	88.295	96.7	0.0	0.649	464.45000000000005
2022	256	12	18.4	12.925	71.13	96.7	0.0	0.6505000000000001	974.0
2022	256	13	20.485	12.99	64.245	96.8	0.0	0.6425000000000001	1041.5
2022	256	14	21.395	13.024999999999999	59.55	96.8	0.6	0.783	1113.0
2022	256	15	21.9	13.04	56.945	96.8	0.0	0.8845000000000001	1074.5
2022	256	16	22.045	13.015	56.78	96.9	0.0	0.7265	955.0
2022	256	17	21.869999999999997	13.01	56.32	96.9	0.0	0.652	761.3
2022	256	18	21.42	13.0	57.95	96.9	0.0	0.538	473.35
2022	256	19	19.085	12.99	66.245	96.9	0.0	0.4175	154.45
2022	256	20	16.299999999999997	12.96	79.50999999999999	96.95	0.0	0.2085	63.035
2022	256	21	13.47	12.92	90.9	97.0	0.0	0.155	0.0
2022	256	22	12.59	12.885000000000002	91.3	97.0	0.0	0.2445	0.0
2022	256	23	11.075	12.85	93.65	97.05	0.0	0.198	0.0
2022	257	0	8.934999999999999	12.82	97.55	97.1	0.0	0.148	0.0
2022	257	1	7.2555	12.785	99.85	97.15	0.0	0.14400000000000002	0.0
2022	257	2	6.667999999999999	12.765	99.9	97.2	0.0	0.148	0.0
2022	257	3	7.993	12.745000000000001	99.9	97.2	0.0	0.21400000000000002	0.0
2022	257	4	10.055	12.76	99.9	97.2	0.0	0.434	0.0
2022	257	5	10.77	12.76	98.55	97.3	0.0	0.56	0.0
2022	257	6	10.585	12.77	96.94999999999999	97.3	0.0	0.3325	0.0
2022	257	7	10.555	12.77	97.69999999999999	97.3	0.0	0.35450000000000004	0.0
2022	257	8	10.585	12.765	98.55000000000001	97.4	0.0	0.28300000000000003	26.61
2022	257	9	10.73	12.76	99.15	97.45	0.0	0.432	106.45
2022	257	10	12.585	12.774999999999999	93.6	97.45	0.0	0.566	251.35
2022	257	11	13.86	12.805	84.0	97.5	0.0	0.708	370.0
2022	257	12	14.425	12.815000000000001	81.3	97.5	0.0	0.802	421.35
2022	257	13	14.58	12.835	81.9	97.5	0.0	0.813	366.75
2022	257	14	15.335	12.84	79.66	97.5	0.0	0.742	435.05
2022	257	15	16.310000000000002	12.855	74.85	97.45	0.0	0.8625	468.70000000000005
2022	257	16	16.64	12.87	73.145	97.4	0.0	0.9505	458.4
2022	257	17	17.42	12.864999999999998	70.505	97.35	0.0	0.7795	512.65
2022	257	18	16.240000000000002	12.870000000000001	75.08500000000001	97.3	0.0	0.8765000000000001	275.35
2022	257	19	15.315	12.844999999999999	79.185	97.25	0.0	0.7565	149.7
2022	257	20	14.5	12.835	80.8	97.25	0.0	0.742	56.7
2022	257	21	13.135	12.81	81.2	97.2	0.0	0.7125	0.0
2022	257	22	11.915	12.785	83.1	97.2	0.0	0.7745	0.0
2022	257	23	11.24	12.765	81.25	97.2	0.0	0.7669999999999999	0.0
2022	258	0	10.91	12.745000000000001	83.0	97.2	0.0	0.7395	0.0
2022	258	1	11.184999999999999	12.73	87.85	97.15	0.0	0.649	0.0
2022	258	2	11.715	12.735	91.4	97.05	0.0	0.7995	0.0
2022	258	3	12.14	12.735	93.6	97.0	0.0	0.7645	0.0
2022	258	4	12.55	12.73	96.05	96.9	0.0	0.7855	0.0
2022	258	5	13.025	12.73	97.80000000000001	96.85	0.0	0.893	0.0
2022	258	6	13.765	12.735	98.75	96.8	0.0	0.7825	0.0
2022	258	7	14.285	12.745000000000001	99.5	96.8	0.0	0.8175	0.0
2022	258	8	15.355	12.754999999999999	99.5	96.65	0.0	0.8354999999999999	22.325
2022	258	9	16.025	12.76	99.1	96.65	0.0	0.6485	85.5
2022	258	10	15.774999999999999	12.774999999999999	99.7	96.75	0.0	0.737	85.5
2022	258	11	16.134999999999998	12.78	99.9	96.8	0.0	0.5625	209.85
2022	258	12	17.215	12.805	99.7	96.75	0.0	0.6675	467.15
2022	258	13	18.770000000000003	12.835	93.65	96.65	0.0	0.5535	516.8
2022	258	14	20.439999999999998	12.875	82.80000000000001	96.7	0.0	0.53	586.1
2022	258	15	19.895000000000003	12.88	90.65	96.7	0.0	0.268	192.8
2022	258	16	19.295	12.875	96.55	96.7	0.0	0.3875	255.64999999999998
2022	258	17	19.78	12.88	90.1	96.75	0.0	0.3765	237.4
2022	258	18	20.02	12.885000000000002	90.3	96.7	0.0	0.194	137.1
2022	258	19	19.89	12.89	90.9	96.7	0.0	0.1885	85.4
2022	258	20	18.865000000000002	12.88	96.25	96.75	0.0	0.1175	41.7545
2022	258	21	17.630000000000003	12.870000000000001	99.55000000000001	96.7	0.0	0.10400000000000001	0.0
2022	258	22	17.619999999999997	12.86	99.9	96.8	0.0	0.32999999999999996	0.0
2022	258	23	17.54	12.86	99.9	96.75	0.0	0.28700000000000003	0.0
2022	259	0	16.92	12.855	99.9	96.8	0.0	0.1985	0.0
2022	259	1	16.36	12.844999999999999	99.9	96.8	0.0	0.286	0.0
2022	259	2	15.9	12.84	99.9	96.9	0.0	0.4255	0.0
2022	259	3	15.45	12.85	99.9	96.9	0.0	0.4405	0.0
2022	259	4	15.185	12.844999999999999	99.9	96.85	0.0	0.334	0.0
2022	259	5	15.309999999999999	12.84	99.9	96.8	0.0	0.361	0.0
2022	259	6	15.145	12.85	99.9	96.8	0.0	0.5575000000000001	0.0
2022	259	7	15.285	12.85	99.9	96.8	0.0	0.5175000000000001	0.0
2022	259	8	15.305	12.855	99.9	96.75	0.0	0.5774999999999999	0.0
2022	259	9	14.965	12.86	99.9	96.7	0.0	0.45699999999999996	11.395
2022	259	10	14.625	12.855	99.9	96.8	0.0	0.545	80.025
2022	259	11	14.42	12.86	99.9	96.7	0.0	0.747	104.94999999999999
2022	259	12	14.545	12.86	99.9	96.7	0.0	0.6655	166.7
2022	259	13	14.565000000000001	12.855	99.9	96.75	0.0	0.4895	188.75
2022	259	14	14.84	12.85	99.9	96.7	0.0	0.4585	201.4
2022	259	15	15.16	12.85	99.9	96.6	0.0	0.372	171.5
2022	259	16	15.145	12.855	99.9	96.6	0.0	0.41100000000000003	96.15
2022	259	17	15.254999999999999	12.85	99.9	96.6	0.0	0.33899999999999997	85.5
2022	259	17	15.420000000000002	12.85	99.9	96.6	0.0	0.3365	85.5
2022	259	18	15.51	12.85	99.90000000000002	96.56666666666666	0.0	0.25233333333333335	71.86
2022	259	19	15.56	12.85	99.9	96.55	0.0	0.218	0.0
2022	259	20	15.66	12.85	99.9	96.5	0.0	0.15200000000000002	0.0
2022	259	21	15.865	12.85	99.9	96.5	0.0	0.153	0.0
2022	259	22	16.07	12.86	99.9	96.5	0.0	0.176	0.0
2022	259	23	16.22	12.87	99.9	96.5	0.0	0.119	0.0
2022	260	0	16.45	12.88	99.9	96.5	0.0	0.162	0.0
2022	260	1	16.884999999999998	12.885000000000002	99.9	96.5	0.0	0.3635	0.0
2022	260	2	16.185000000000002	12.89	99.9	96.45	0.0	0.20600000000000002	0.0
2022	260	3	16.05	12.89	99.9	96.45	0.0	0.28	0.0
2022	260	4	15.495000000000001	12.89	99.9	96.5	0.0	0.2005	0.0
2022	260	5	15.41	12.89	99.9	96.45	0.0	0.1395	0.0
2022	260	6	15.26	12.89	99.9	96.45	0.0	0.1555	0.0
2022	260	7	14.885	12.9	99.9	96.45	0.0	0.1575	13.77
2022	260	8	15.370000000000001	12.9	99.9	96.45	0.0	0.2285	85.5
2022	260	9	15.59	12.92	99.9	96.4	0.0	0.29800000000000004	218.3
2022	260	10	16.485	12.95	99.9	96.4	0.0	0.2975	387.70000000000005
2022	260	11	17.59	12.985	99.9	96.45	0.0	0.4265	390.6
2022	260	12	18.53	12.985	97.45	96.35	0.0	0.43	499.29999999999995
2022	260	13	20.740000000000002	13.035	85.65	96.3	0.0	0.473	762.6
2022	260	14	21.869999999999997	13.065000000000001	80.035	96.3	0.6	0.582	720.85
2022	260	15	22.625	13.065000000000001	74.94	96.3	0.0	0.47350000000000003	848.5
2022	260	16	23.36	13.08	73.965	96.3	0.0	0.435	630.7
2022	260	17	23.915	13.09	71.92500000000001	96.2	0.0	0.4325	595.75
2022	260	18	21.685000000000002	13.085	85.5	96.2	0.6	0.2455	129.8
2022	260	19	19.195	13.065000000000001	97.8	96.2	0.0	0.0985	50.205000000000005
2022	260	20	18.31	13.045	99.95	96.2	0.0	0.276	0.0
2022	260	21	18.560000000000002	13.055	99.7	96.15	0.0	0.8280000000000001	0.0
2022	260	22	17.29	13.11	99.95	96.2	0.0	0.305	0.0
2022	260	23	16.99	13.2	99.9	96.2	0.0	0.257	0.0
2022	261	0	16.55	13.254999999999999	99.9	96.2	0.0	0.22300000000000003	0.0
2022	261	1	16.310000000000002	13.285	99.9	96.1	0.0	0.2875	0.0
2022	261	2	16.229999999999997	13.315000000000001	99.9	96.2	0.0	0.3395	0.0
2022	261	3	15.7	13.33	99.9	96.2	0.0	0.20600000000000002	0.0
2022	261	4	15.26	13.34	99.85	96.2	0.0	0.3035	0.0
2022	261	5	14.955	13.355	99.9	96.25	0.0	0.4085	0.0
2022	261	6	14.129999999999999	13.36	99.9	96.4	0.0	0.394	0.0
2022	261	7	13.850000000000001	13.375	99.9	96.4	0.0	0.2725	10.21
2022	261	8	13.605	13.38	99.95	96.45	0.0	0.31999999999999995	66.255
2022	261	9	13.575	13.38	99.9	96.55	0.0	0.349	88.6
2022	261	10	13.975000000000001	13.4	99.9	96.5	0.0	0.383	162.4
2022	261	11	14.184999999999999	13.42	99.85	96.6	0.0	0.5	247.39999999999998
2022	261	12	14.495000000000001	13.42	99.25	96.6	0.0	0.448	235.7
2022	261	13	16.54	13.46	85.515	96.65	0.0	0.5840000000000001	804.1
2022	261	14	17.880000000000003	13.504999999999999	75.71000000000001	96.65	0.0	0.611	753.25
2022	261	15	19.36	13.51	71.285	96.6	0.0	0.4915	756.55
2022	261	16	20.195	13.55	69.875	96.6	0.0	0.512	620.45
2022	261	17	20.325	13.57	72.09	96.6	0.0	0.49150000000000005	470.34999999999997
2022	261	18	18.564999999999998	13.57	84.8	96.6	0.0	0.3025	108.3
2022	261	19	16.14	13.575	97.85	96.6	0.0	0.1265	53.795
2022	261	20	13.675	13.56	99.9	96.6	0.0	0.07750000000000001	0.0
2022	261	21	12.195	13.545	99.9	96.65	0.0	0.065	0.0
2022	261	22	11.465	13.53	99.9	96.65	0.0	0.077	0.0
2022	261	23	10.77	13.515	99.9	96.65	0.0	0.07350000000000001	0.0
2022	262	0	10.39	13.49	99.9	96.7	0.0	0.10500000000000001	0.0
2022	262	1	10.260000000000002	13.475000000000001	99.9	96.7	0.0	0.144	0.0
2022	262	2	11.07	13.46	99.85	96.7	0.0	0.1875	0.0
2022	262	3	10.82	13.445	99.85	96.7	0.0	0.1285	0.0
2022	262	4	10.32	13.425	99.9	96.7	0.0	0.11399999999999999	0.0
2022	262	5	9.775	13.4	99.9	96.7	0.0	0.0965	0.0
2022	262	6	9.719999999999999	13.370000000000001	99.9	96.7	0.0	0.134	0.0
2022	262	7	9.89	13.35	99.9	96.75	0.0	0.132	13.785
2022	262	8	11.625	13.34	99.9	96.75	0.0	0.135	87.94999999999999
2022	262	9	15.215	13.344999999999999	99.9	96.7	0.7	0.273	239.3
2022	262	10	17.865000000000002	13.375	99.9	96.8	0.5	0.403	530.4
2022	262	11	21.145000000000003	13.415	75.86	96.8	0.0	0.5840000000000001	885.0
2022	262	12	23.4	13.45	61.370000000000005	96.8	0.0	0.5535	988.0
2022	262	13	23.384999999999998	13.47	62.86	96.8	0.0	0.6795	695.6
2022	262	14	22.525	13.47	70.79	96.75	0.0	0.391	403.25
2022	262	15	21.43	13.485	81.44999999999999	96.6	0.0	0.2655	250.2
2022	262	16	21.090000000000003	13.504999999999999	81.2	96.6	0.0	0.1985	296.95
2022	262	17	21.759999999999998	13.52	76.77	96.6	0.0	0.255	259.25
2022	262	18	20.61	13.53	84.5	96.5	0.0	0.2195	91.0
2022	262	19	17.994999999999997	13.515	96.15	96.5	0.0	0.191	53.08
2022	262	20	15.305	13.495000000000001	99.5	96.5	0.0	0.1195	0.0
2022	262	21	13.555	13.48	99.9	96.5	0.0	0.0945	0.0
2022	262	22	12.46	13.46	99.9	96.45	0.0	0.1295	0.0
2022	262	23	11.79	13.434999999999999	99.9	96.45	0.0	0.1275	0.0
2022	263	0	12.985	13.425	99.9	96.4	0.0	0.27	0.0
2022	263	1	13.745000000000001	13.42	99.9	96.3	0.0	0.27	0.0
2022	263	2	13.55	13.4	99.9	96.3	0.0	0.28	0.0
2022	263	3	13.25	13.39	99.9	96.3	0.0	0.2235	0.0
2022	263	4	12.754999999999999	13.370000000000001	99.9	96.2	0.0	0.1655	0.0
2022	263	5	12.14	13.344999999999999	99.9	96.2	0.0	0.0985	0.0
2022	263	6	11.34	13.32	99.9	96.2	0.0	0.11449999999999999	0.0
2022	263	7	10.83	13.295	99.85	96.3	0.0	0.1245	16.63
2022	263	8	11.99	13.28	99.9	96.3	0.0	0.152	99.75
2022	263	9	15.364999999999998	13.274999999999999	99.9	96.3	0.0	0.3095	236.65
2022	263	10	18.845	13.305	93.8	96.35	0.0	0.439	527.05
2022	263	11	21.785	13.355	73.11500000000001	96.4	0.0	0.5760000000000001	950.0
2022	263	12	24.695	13.4	63.81	96.45	0.0	0.47550000000000003	985.0
2022	263	13	26.725	13.434999999999999	52.525000000000006	96.4	0.6	0.7765	1168.5
2022	263	14	27.965000000000003	13.45	44.665	96.4	0.0	0.515	1133.5
2022	263	15	27.82	13.46	44.565	96.35	0.0	0.4305	776.3
2022	263	16	26.89	13.495000000000001	47.765	96.4	0.0	0.575	680.7
2022	263	17	23.34	13.51	54.385000000000005	96.4	0.0	0.7175	223.65
2022	263	18	20.445	13.51	66.67	96.5	0.0	0.389	102.8
2022	263	19	18.46	13.504999999999999	73.42500000000001	96.5	0.0	0.539	54.5
2022	263	20	17.11	13.495000000000001	71.35499999999999	96.5	0.0	0.5834999999999999	0.0
2022	263	21	15.600000000000001	13.48	75.69	96.55	0.0	0.5435000000000001	0.0
2022	263	22	14.100000000000001	13.465	82.035	96.6	0.0	0.33999999999999997	0.0
2022	263	23	12.51	13.44	90.45	96.6	0.0	0.2195	0.0
2022	264	0	11.02	13.415	97.30000000000001	96.5	0.0	0.16	0.0
2022	264	1	12.9	13.395	92.15	96.6	0.0	0.6925	0.0
2022	264	2	12.615	13.39	76.51	96.6	0.0	0.524	0.0
2022	264	3	10.995000000000001	13.36	78.00999999999999	96.6	0.0	0.448	0.0
2022	264	4	9.34	13.32	86.25	96.6	0.0	0.3855	0.0
2022	264	5	9.165	13.29	86.6	96.6	0.0	0.5445	0.0
2022	264	6	9.625	13.274999999999999	84.6	96.6	0.0	0.4575	0.0
2022	264	7	9.85	13.245000000000001	84.4	96.65	0.0	0.623	12.355
2022	264	8	10.865	13.23	80.11500000000001	96.7	0.0	0.6619999999999999	106.45
2022	264	9	11.719999999999999	13.23	78.55	96.7	0.0	0.6735	236.4
2022	264	10	12.135000000000002	13.23	79.64500000000001	96.8	0.0	0.872	313.05
2022	264	11	11.895	13.23	87.9	96.8	0.0	0.9239999999999999	377.85
2022	264	12	11.52	13.225000000000001	92.35	96.85	0.0	0.91	575.1500000000001
2022	264	13	12.105	13.235	86.15	96.95	0.0	0.9955	834.6
2022	264	14	12.445	13.245000000000001	76.78	96.95	0.0	0.911	651.8
2022	264	15	13.57	13.24	60.870000000000005	97.05	0.0	0.952	872.1
2022	264	16	13.84	13.245000000000001	56.855000000000004	97.1	0.0	0.7745	611.85
2022	264	17	13.25	13.24	56.555	97.1	0.0	0.723	335.9
2022	264	18	12.27	13.23	58.33	97.2	0.0	0.7835	98.7
2022	264	19	10.655000000000001	13.2	67.02000000000001	97.3	0.0	0.3815	39.6385
2022	264	20	7.6465	13.17	88.25	97.35	0.0	0.178	0.0
2022	264	21	6.715	13.129999999999999	97.4	97.35	0.0	0.1735	0.0
2022	264	22	7.088	13.11	96.1	97.4	0.0	0.2815	0.0
2022	264	23	7.1655	13.07	93.44999999999999	97.4	0.6	0.3745	0.0
2022	265	0	7.1635	13.045	92.85	97.5	0.0	0.294	0.0
2022	265	1	6.590999999999999	13.004999999999999	95.45	97.55	0.0	0.3705	0.0
2022	265	2	6.5105	12.98	94.15	97.5	0.0	0.3655	0.0
2022	265	3	6.6475	12.955	95.05	97.6	0.0	0.3615	0.0
2022	265	4	6.985	12.925	95.25	97.6	0.0	0.4065	0.0
2022	265	5	6.901	12.9	97.7	97.7	0.0	0.3375	0.0
2022	265	6	7.0255	12.875	96.9	97.7	0.0	0.495	0.0
2022	265	7	6.013999999999999	12.84	97.9	97.8	0.0	0.385	5.945
2022	265	8	6.2505	12.81	99.1	97.9	0.0	0.41900000000000004	99.15
2022	265	9	8.0295	12.79	84.58000000000001	98.0	0.0	0.5525	185.39999999999998
2022	265	10	9.305	12.8	71.725	98.0	0.0	0.747	497.85
2022	265	11	11.125	12.835	61.64	98.0	0.6	0.661	1049.0
2022	265	12	12.129999999999999	12.86	56.230000000000004	98.0	0.0	0.592	1071.5
2022	265	13	13.065000000000001	12.844999999999999	50.89	97.9	0.0	0.6	1157.5
2022	265	14	13.969999999999999	12.83	48.805	97.9	0.0	0.6255	1169.5
2022	265	15	14.559999999999999	12.81	47.325	97.8	0.0	0.696	1016.5
2022	265	16	15.08	12.815000000000001	45.01	97.8	0.0	0.41200000000000003	882.5
2022	265	17	14.045	12.825	48.44	97.7	0.0	0.4115	396.40000000000003
2022	265	18	11.4	12.805	64.005	97.65	0.0	0.36350000000000005	85.35
2022	265	19	8.424	12.785	83.745	97.55	0.1	0.10250000000000001	39.615
2022	265	20	5.204	12.75	96.25	97.55	0.5	0.0725	0.0
2022	265	21	3.6555	12.715	99.55	97.5	0.0	0.08449999999999999	0.0
2022	265	22	2.9975	12.68	99.85	97.5	0.0	0.11599999999999999	0.0
2022	265	23	2.8579999999999997	12.65	99.9	97.45	0.0	0.108	0.0
2022	266	0	2.404	12.614999999999998	99.85	97.45	0.0	0.10700000000000001	0.0
2022	266	1	2.206	12.57	99.85	97.35	0.0	0.1185	0.0
2022	266	2	1.6735	12.52	99.9	97.45	0.0	0.126	0.0
2022	266	3	1.6185	12.48	99.9	97.35	0.0	0.11699999999999999	0.0
2022	266	4	2.747	12.445	99.85	97.2	0.0	0.156	0.0
2022	266	5	4.523	12.41	99.9	97.25	0.0	0.248	0.0
2022	266	6	5.242	12.375	99.9	97.15	0.0	0.311	0.0
2022	266	7	6.0120000000000005	12.34	99.9	97.1	0.0	0.40449999999999997	0.0
2022	266	8	7.1	12.315000000000001	99.80000000000001	97.0	0.0	0.581	77.285
2022	266	9	8.3385	12.3	94.15	97.0	0.0	0.5529999999999999	116.5
2022	266	10	9.785	12.285	85.15	96.95	0.6	0.663	153.1
2022	266	11	10.030000000000001	12.27	93.35	96.95	0.0	0.5235000000000001	161.6
2022	266	12	10.879999999999999	12.265	89.65	96.9	0.0	0.7935	196.75
2022	266	13	11.385	12.245000000000001	88.4	96.9	0.0	0.7184999999999999	272.25
2022	266	14	12.155000000000001	12.245000000000001	83.19999999999999	96.75	0.6	0.5825	272.4
2022	266	15	12.415	12.24	79.89500000000001	96.75	0.0	0.5549999999999999	176.95
2022	266	16	12.530000000000001	12.24	79.53999999999999	96.65	0.0	0.747	174.35
2022	266	17	12.120000000000001	12.23	80.745	96.6	0.0	0.8140000000000001	79.07
2022	266	18	10.415	12.21	97.25	96.6	0.0	0.6585000000000001	40.37
2022	266	19	10.06	12.21	99.9	96.55	0.0	0.5785	0.0
2022	266	20	9.965	12.21	99.9	96.5	0.0	0.558	0.0
2022	266	21	9.82	12.21	99.9	96.5	0.0	0.6359999999999999	0.0
2022	266	22	9.705	12.205	99.9	96.5	0.0	0.645	0.0
2022	266	23	9.684999999999999	12.19	99.9	96.45	0.0	0.5935	0.0
2022	267	0	9.629999999999999	12.19	99.9	96.45	0.0	0.5745	0.0
2022	267	1	9.645	12.19	99.9	96.35	0.0	0.5425	0.0
2022	267	2	9.59	12.18	99.9	96.3	0.0	0.524	0.0
2022	267	3	9.545	12.17	99.9	96.35	0.0	0.475	0.0
2022	267	4	9.54	12.165	99.9	96.25	0.0	0.48850000000000005	0.0
2022	267	5	9.54	12.15	99.9	96.25	0.0	0.356	0.0
2022	267	6	9.565000000000001	12.14	99.9	96.2	0.0	0.3545	0.0
2022	267	7	9.684999999999999	12.14	99.9	96.2	0.0	0.3245	0.0
2022	267	8	9.895	12.14	99.9	96.19999999999999	0.0	0.35350000000000004	78.66
2022	267	9	10.280000000000001	12.14	99.85	96.25	0.0	0.3335	85.5
2022	267	10	10.870000000000001	12.14	99.9	96.25	0.0	0.353	158.7
2022	267	11	11.52	12.145	99.9	96.2	0.0	0.3035	175.10000000000002
2022	267	12	11.945	12.155000000000001	99.9	96.2	0.0	0.29300000000000004	133.75
2022	267	13	12.225	12.16	99.9	96.2	0.0	0.34299999999999997	174.8
2022	267	14	12.615	12.16	99.9	96.2	0.0	0.2715	137.75
2022	267	15	12.934999999999999	12.17	99.95	96.2	0.0	0.20450000000000002	114.95
2022	267	16	13.05	12.17	99.9	96.2	0.0	0.197	89.80000000000001
2022	267	17	13.09	12.17	99.9	96.2	0.0	0.1405	85.5
2022	267	18	12.870000000000001	12.17	99.9	96.25	0.0	0.123	58.165
2022	267	19	12.585	12.17	99.9	96.2	0.0	0.082	0.0
2022	267	20	12.485	12.16	99.9	96.25	0.0	0.21350000000000002	0.0
2022	267	21	12.365	12.16	99.9	96.2	0.0	0.2915	0.0
2022	267	22	12.285	12.16	99.9	96.25	0.0	0.34950000000000003	0.0
2022	267	23	12.125	12.16	99.9	96.3	0.0	0.3675	0.0
2022	268	0	11.91	12.155000000000001	99.9	96.3	0.0	0.3905	0.0
2022	268	1	11.760000000000002	12.145	99.9	96.3	0.0	0.45699999999999996	0.0
2022	268	2	11.66	12.14	99.9	96.35	0.0	0.47	0.0
2022	268	3	11.54	12.135000000000002	99.9	96.3	0.0	0.4155	0.0
2022	268	4	11.495000000000001	12.12	99.8	96.3	0.0	0.5774999999999999	0.0
2022	268	5	11.165	12.12	99.9	96.3	0.0	0.627	0.0
2022	268	6	10.615	12.105	99.85	96.35	0.0	0.3365	0.0
2022	268	7	8.77	12.085	99.8	96.3	0.0	0.219	5.23
2022	268	8	9.51	12.06	99.85	96.35	0.0	0.331	98.6
2022	268	9	11.78	12.07	99.9	96.3	0.0	0.591	134.5
2022	268	10	13.344999999999999	12.08	88.25	96.35	0.0	0.792	508.04999999999995
2022	268	11	14.355	12.120000000000001	74.92	96.35	0.0	0.9475	895.0
2022	268	12	15.21	12.15	66.905	96.4	0.0	1.245	870.0
2022	268	13	14.09	12.129999999999999	69.42	96.5	0.0	1.081	577.85
2022	268	14	14.825	12.13	66.925	96.5	0.0	1.1205	816.2
2022	268	15	13.614999999999998	12.125	72.14	96.5	0.0	0.867	552.0
2022	268	16	13.385	12.125	75.33500000000001	96.5	0.0	0.8525	333.34999999999997
2022	268	17	13.48	12.12	74.325	96.55	0.0	0.74	391.75
2022	268	18	12.95	12.125	68.41	96.55	0.0	0.6659999999999999	85.4
2022	268	19	11.71	12.105	62.875	96.6	0.0	0.5665	26.82
2022	268	20	10.835	12.094999999999999	68.065	96.69999999999999	0.0	0.5315000000000001	0.0
2022	268	21	8.735	12.07	83.5	96.7	0.0	0.362	0.0
2022	268	22	9.14	12.045	68.59	96.75	0.0	0.6085	0.0
2022	268	23	8.1085	12.024999999999999	72.81	96.75	0.0	0.556	0.0
2022	269	0	6.712	11.995000000000001	85.6	96.7	0.0	0.38	0.0
2022	269	1	5.8965	11.96	89.1	96.75	0.0	0.356	0.0
2022	269	2	6.3759999999999994	11.925	83.05000000000001	96.75	0.0	0.5515	0.0
2022	269	3	6.0024999999999995	11.905000000000001	84.75	96.75	0.0	0.4155	0.0
2022	269	4	5.462	11.870000000000001	88.55	96.75	0.0	0.421	0.0
2022	269	5	5.2245	11.84	90.55000000000001	96.8	0.0	0.5455	0.0
2022	269	6	4.9115	11.81	90.95	96.85	0.0	0.46299999999999997	0.0
2022	269	7	4.438	11.774999999999999	93.94999999999999	96.9	0.0	0.49349999999999994	0.7135
2022	269	8	4.851000000000001	11.74	94.8	96.95	0.0	0.526	79.41999999999999
2022	269	9	6.8335	11.73	84.4	96.95	0.0	0.9695	178.8
2022	269	10	8.01	11.725000000000001	73.1	97.0	0.0	0.9530000000000001	472.3
2022	269	11	9.024999999999999	11.735	64.825	97.0	0.0	0.847	637.0
2022	269	12	10.025	11.735	58.32	97.05	0.0	0.896	745.35
2022	269	13	10.895	11.735	54.43	97.1	0.0	1.0565	900.5
2022	269	14	11.95	11.735	51.015	97.0	0.0	1.06	1066.0
2022	269	15	12.7	11.69	48.665	97.0	0.0	0.853	988.5
2022	269	16	12.805	11.69	44.625	97.0	0.0	0.996	852.15
2022	269	17	12.17	11.68	40.614999999999995	97.0	0.0	0.7745	345.29999999999995
2022	269	18	10.105	11.655000000000001	44.965	97.1	0.0	0.5545	85.4
2022	269	19	6.830500000000001	11.635000000000002	65.03	97.0	0.0	0.199	23.26
2022	269	20	2.4749999999999996	11.6	90.85	97.05	0.0	0.1385	0.0
2022	269	21	1.101	11.56	98.1	97.1	0.0	0.099	0.0
2022	269	22	0.489	11.54	99.80000000000001	97.15	0.0	0.095	0.0
2022	269	23	1.228	11.52	99.85	97.15	0.0	0.124	0.0
2022	270	0	2.6260000000000003	11.5	99.9	97.2	0.0	0.128	0.0
2022	270	1	2.7615	11.48	99.9	97.25	0.0	0.186	0.0
2022	270	2	0.5045	11.434999999999999	99.85	97.3	0.0	0.10450000000000001	0.0
2022	270	3	-1.025	11.39	99.85	97.4	0.0	0.121	0.0
2022	270	4	-0.554	11.34	99.85	97.4	0.0	0.123	0.0
2022	270	5	-0.189	11.3	99.8	97.5	0.0	0.14250000000000002	0.0
2022	270	6	-0.0755	11.26	99.9	97.6	0.0	0.244	0.0
2022	270	7	-0.357	11.22	99.9	97.7	0.0	0.2665	0.0
2022	270	8	0.07549999999999996	11.18	99.8	97.75	0.0	0.4205	63.8
2022	270	9	2.7199999999999998	11.145	94.1	97.75	0.0	0.629	87.15
2022	270	10	4.883	11.125	67.95	97.85	0.0	0.841	543.1
2022	270	11	6.857	11.15	58.035	97.9	0.0	0.761	932.0
2022	270	12	8.475	11.18	49.39	98.0	0.0	0.7635	1025.5
2022	270	13	9.83	11.184999999999999	46.04	98.0	0.0	0.8625	1094.0
2022	270	14	10.83	11.14	42.474999999999994	98.0	0.0	0.851	1054.0
2022	270	15	11.879999999999999	11.08	41.025000000000006	98.0	0.0	0.6915	989.5
2022	270	16	12.16	11.055	37.415000000000006	98.0	0.0	0.704	851.15
2022	270	17	11.34	11.03	40.265	98.0	0.0	0.6485000000000001	328.9
2022	270	18	8.93	10.995000000000001	48.45	98.05	0.0	0.369	85.4
2022	270	19	4.6579999999999995	10.96	74.875	98.1	0.0	0.0875	20.415
2022	270	20	1.2505	10.915	92.85	98.15	0.0	0.076	0.0
2022	270	21	-0.4195	10.89	97.94999999999999	98.2	0.0	0.086	0.0
2022	270	22	-1.4060000000000001	10.875	99.6	98.3	0.0	0.07750000000000001	0.0
2022	270	23	-2.0805000000000002	10.855	99.85	98.3	0.0	0.083	0.0
2022	271	0	-2.4975	10.835	99.85	98.35	0.0	0.07	0.0
2022	271	1	-2.801	10.805	99.8	98.35	0.0	0.08049999999999999	0.0
2022	271	2	-3.008	10.774999999999999	99.85	98.4	0.0	0.0765	0.0
2022	271	3	-3.1985	10.74	99.85	98.5	0.0	0.069	0.0
2022	271	4	-3.3175	10.7	99.9	98.45	0.0	0.0775	0.0
2022	271	5	-3.5765000000000002	10.665	99.85	98.5	0.0	0.0815	0.0
2022	271	6	-3.745	10.620000000000001	99.85	98.5	0.0	0.076	0.0
2022	271	7	-3.8565	10.57	99.8	98.5	0.0	0.077	0.0
2022	271	8	-2.902	10.535	99.8	98.55	0.0	0.1315	71.67
2022	271	9	1.5585	10.51	99.9	98.55	0.0	0.296	85.7
2022	271	10	6.39	10.5	91.3	98.55	0.0	0.433	521.5
2022	271	11	9.375	10.504999999999999	58.135000000000005	98.6	0.0	0.663	850.45
2022	271	12	11.79	10.515	45.230000000000004	98.6	0.0	0.5925	987.5
2022	271	13	13.219999999999999	10.515	40.57	98.55	0.0	0.6735	1056.0
2022	271	14	14.35	10.485	38.28	98.45	0.0	0.6575	1032.5
2022	271	15	15.105	10.43	37.09	98.4	0.0	0.634	965.5
2022	271	16	15.24	10.415	36.595	98.3	0.0	0.6465000000000001	800.7
2022	271	17	13.935	10.385000000000002	41.635000000000005	98.3	0.0	0.481	285.15
2022	271	18	11.844999999999999	10.35	50.84	98.2	0.0	0.4095	85.4
2022	271	19	8.092	10.31	74.35	98.15	0.0	0.188	21.115
2022	271	20	4.2585	10.28	90.44999999999999	98.2	27.2	0.081	0.0
2022	271	21	2.3335	10.25	97.05000000000001	98.1	13.0	0.093	0.0
2022	271	22	1.499	10.23	99.65	98.2	0.0	0.1045	0.0
2022	271	23	0.9590000000000001	10.22	99.85	98.15	0.0	0.14	0.0
2022	272	0	0.5225	10.21	99.85	98.15	0.0	0.12	0.0
2022	272	1	0.323	10.2	99.85	98.15	0.0	0.126	0.0
2022	272	2	0.3225	10.195	99.85	98.05	0.0	0.1735	0.0
2022	272	3	1.583	10.175	99.85	98.05	0.0	0.267	0.0
2022	272	4	2.1069999999999998	10.16	99.85	98.0	0.1	0.22749999999999998	0.0
2022	272	5	0.9099999999999999	10.135000000000002	99.9	98.0	1.1	0.203	0.0
2022	272	6	0.919	10.11	99.8	97.95	0.0	0.185	0.0
2022	272	7	0.037500000000000006	10.085	99.85	97.9	0.1	0.1775	0.0
2022	272	8	2.531	10.065000000000001	99.8	98.0	0.5	0.3055	73.325
2022	272	9	6.4225	10.06	97.85	97.85	2998.4	0.496	123.30000000000001
2022	272	10	9.04	10.055	74.52000000000001	97.85	5.4	0.6405000000000001	304.4
2022	272	11	10.35	10.055	66.845	97.75	3.5999999999999996	0.6495	356.5
2022	272	12	13.3	10.1	56.875	97.8	0.0	0.6485000000000001	871.95
2022	272	13	14.615	10.14	55.885	97.75	0.0	0.6725	740.9
2022	272	14	15.41	10.125	53.455	97.7	0.0	0.887	885.5
2022	272	15	15.86	10.094999999999999	54.085	97.6	0.0	0.8465	627.3
2022	272	16	16.61	10.075	49.495	97.5	0.0	0.8819999999999999	643.4
2022	272	17	16.450000000000003	10.06	48.62	97.55	0.0	0.7324999999999999	311.40000000000003
2022	272	18	14.344999999999999	10.024999999999999	56.364999999999995	97.4	229.2	0.618	89.65
2022	272	19	12.670000000000002	9.995000000000001	64.815	97.4	9.0	0.4395	14.71
2022	272	20	11.075	9.975000000000001	72.375	97.4	0.0	0.346	0.0
2022	272	21	10.440000000000001	9.96	75.44999999999999	97.45	0.6	0.5665	0.0
2022	272	22	10.855	9.965	71.14	97.4	0.6	0.5605	0.0
2022	272	23	8.676	9.97	83.15	97.5	0.0	0.20700000000000002	0.0
2022	273	0	6.613	9.965	94.05	97.55	0.6	0.1395	0.0
2022	273	1	5.2395	9.95	98.6	97.5	0.0	0.16349999999999998	0.0
2022	273	2	4.292	9.934999999999999	99.9	97.55	1.2	0.129	0.0
2022	273	3	4.0225	9.934999999999999	99.9	97.45	0.6	0.1565	0.0
2022	273	4	4.0865	9.94	99.9	97.5	0.0	0.2025	0.0
2022	273	5	4.1345	9.93	99.9	97.5	1.2	0.1275	0.0
2022	273	6	3.5454999999999997	9.93	99.9	97.45	0.6	0.17099999999999999	0.0
2022	273	7	3.4400000000000004	9.915	99.9	97.45	0.6	0.178	0.0
2022	273	8	4.619	9.91	99.85	97.5	0.6	0.276	71.14
2022	273	9	9.46	9.94	95.05000000000001	97.4	0.0	0.5529999999999999	97.5
2022	273	10	13.13	9.99	68.95500000000001	97.45	0.0	0.5555	534.4
2022	273	11	15.715	10.059999999999999	58.83	97.4	0.0	0.537	878.5
2022	273	12	18.045	10.120000000000001	52.32	97.45	0.0	0.628	987.5
2022	273	13	19.645	10.155000000000001	49.614999999999995	97.4	0.0	0.642	1024.0
2022	273	14	20.59	10.145	48.4	97.4	0.6	0.7	1023.0
2022	273	15	21.485	10.114999999999998	48.785	97.3	0.6	0.7255	809.95
2022	273	16	22.02	10.11	48.045	97.3	0.0	0.5794999999999999	685.05
2022	273	17	20.23	10.1	55.275	97.3	0.0	0.48850000000000005	272.6
2022	273	18	19.395	10.085	59.685	97.3	0.0	0.3895	88.6
2022	273	19	15.72	10.065000000000001	82.13499999999999	97.3	0.0	0.1345	11.85
2022	273	20	13.105	10.04	93.35	97.3	0.0	0.106	0.0
2022	273	21	10.875	10.015	98.25	97.4	0.0	0.08549999999999999	0.0
2022	273	22	9.184999999999999	9.99	99.9	97.4	0.0	0.11	0.0
2022	273	23	8.038	9.98	99.9	97.45	0.0	0.1085	0.0
2022	274	0	7.254	9.975000000000001	99.85	97.55	0.0	0.14	0.0
2022	274	1	6.641	9.975000000000001	99.9	97.55	0.0	0.15500000000000003	0.0
2022	274	2	6.6425	9.98	99.8	97.55	0.0	0.12	0.0
2022	274	3	7.246	9.995000000000001	99.9	97.6	0.0	0.0955	0.0
2022	274	4	7.38	10.01	99.85	97.6	0.0	0.0995	0.0
2022	274	5	7.757999999999999	10.03	99.9	97.7	0.0	0.1155	0.0
2022	274	6	8.11	10.05	99.9	97.7	0.0	0.1195	0.0
2022	274	7	8.25	10.06	99.85	97.8	0.0	0.14150000000000001	0.0
2022	274	8	8.59	10.075	99.85	97.8	0.0	0.175	52.309999999999995
2022	274	9	10.16	10.1	99.9	97.8	0.0	0.2195	125.75
2022	274	10	12.49	10.14	97.85	97.85	0.0	0.4495	458.55
2022	274	11	15.715	10.215	71.15	97.9	0.0	0.6645	814.1
2022	274	12	15.975	10.24	66.61	97.9	0.0	0.761	420.9
2022	274	13	17.12	10.25	60.715	97.95	0.0	0.75	657.15
2022	274	14	18.405	10.285	55.425	98.0	0.0	0.766	927.4
2022	274	15	17.729999999999997	10.27	60.735	97.9	14.4	0.6355	600.4
2022	274	16	17.490000000000002	10.28	62.025	97.9	0.6	0.3805	305.8
2022	274	17	17.39	10.27	60.96	97.95	0.0	0.41100000000000003	241.65
2022	274	18	16.03	10.254999999999999	67.11500000000001	97.95	0.0	0.41100000000000003	85.4
2022	274	19	14.0	10.235	76.0	97.9	0.0	0.35850000000000004	11.15
2022	274	20	12.91	10.215	80.7	98.0	0.0	0.5015000000000001	0.0
2022	274	21	12.11	10.205	82.65	98.0	0.0	0.378	0.0
2022	274	22	10.725	10.2	88.25	98.05	0.0	0.3065	0.0
2022	274	23	9.795	10.195	93.1	98.1	0.0	0.477	0.0
2022	275	0	9.465	10.195	94.2	98.1	0.0	0.483	0.0
2022	275	1	9.375	10.205	95.3	98.1	0.0	0.34299999999999997	0.0
2022	275	2	9.434999999999999	10.225000000000001	95.7	98.15	0.0	0.47	0.0
2022	275	3	9.36	10.23	96.6	98.1	0.0	0.5555	0.0
2022	275	4	9.275	10.245000000000001	97.85	98.15	0.0	0.526	0.0
2022	275	5	8.975000000000001	10.254999999999999	98.25	98.1	0.0	0.54	0.0
2022	275	6	8.895	10.265	98.9	98.15	0.0	0.48	0.0
2022	275	7	8.92	10.274999999999999	99.0	98.15	0.0	0.5235000000000001	0.0
2022	275	8	9.175	10.28	99.6	98.2	1.7999999999999998	0.3595	22.219
2022	275	9	9.445	10.3	99.9	98.2	1.2	0.34450000000000003	84.95
2022	275	10	9.844999999999999	10.315000000000001	99.9	98.2	10.2	0.39949999999999997	128.75
2022	275	11	11.155000000000001	10.34	99.9	98.2	0.0	0.5700000000000001	269.7
2022	275	12	13.325	10.379999999999999	92.95	98.1	0.0	0.5900000000000001	523.05
2022	275	13	15.16	10.42	79.08	98.1	1.2	0.5765	489.3
2022	275	14	16.884999999999998	10.455	70.28	98.0	0.0	0.6785	637.65
2022	275	15	18.54	10.475000000000001	62.379999999999995	98.0	0.0	0.667	722.45
2022	275	16	17.825000000000003	10.48	68.13	97.9	0.0	0.4635	266.0
2022	275	17	17.12	10.485	71.91	97.9	0.0	0.495	89.2
2022	275	18	16.125	10.475000000000001	71.45500000000001	97.85	0.0	0.384	80.18
2022	275	19	15.09	10.47	76.505	97.8	0.0	0.3785	0.0
2022	275	20	13.989999999999998	10.455	83.19999999999999	97.8	0.0	0.2955	0.0
2022	275	21	13.75	10.45	89.1	97.85	0.0	0.5535	0.0
2022	275	22	13.83	10.465	89.8	97.75	0.0	0.46799999999999997	0.0
2022	275	23	13.435	10.47	91.4	97.8	0.0	0.455	0.0
2022	276	0	13.030000000000001	10.475000000000001	92.65	97.7	0.0	0.553	0.0
2022	276	1	12.55	10.48	96.0	97.7	0.0	0.4745	0.0
2022	276	2	12.105	10.48	97.19999999999999	97.8	0.0	0.433	0.0
2022	276	3	11.9	10.48	98.35	97.7	0.0	0.39	0.0
2022	276	4	11.955	10.49	98.6	97.7	0.0	0.365	0.0
2022	276	5	11.79	10.49	99.6	97.65	0.0	0.3265	0.0
2022	276	6	11.23	10.49	99.65	97.6	0.0	0.35350000000000004	0.0
2022	276	7	10.44	10.48	99.9	97.6	0.0	0.333	0.119
2022	276	8	11.45	10.485	99.1	97.6	0.0	0.434	94.7
2022	276	9	14.225000000000001	10.52	82.195	97.55	0.0	0.6425000000000001	245.15
2022	276	10	15.46	10.56	73.47	97.6	0.0	0.56	374.25
2022	276	11	17.755	10.615	63.239999999999995	97.55	0.0	0.6359999999999999	544.0
2022	276	12	17.96	10.64	64.25	97.5	0.0	0.5429999999999999	416.35
2022	276	13	20.235	10.675	54.91	97.45	0.0	0.6755	861.3
2022	276	14	21.05	10.72	50.989999999999995	97.45	0.0	0.6335	726.0
2022	276	15	21.485	10.725000000000001	51.495000000000005	97.4	0.0	0.567	623.5
2022	276	16	20.884999999999998	10.74	58.334999999999994	97.4	0.0	0.371	319.45
2022	276	17	20.045	10.74	63.349999999999994	97.35	0.0	0.42900000000000005	200.3
2022	276	18	18.185000000000002	10.735	74.79	97.4	3.0	0.1905	95.65
2022	276	19	15.375	10.72	88.2	97.4	0.0	0.1295	2.727
2022	276	20	14.23	10.7	94.55	97.4	0.0	0.098	0.0
2022	276	21	13.68	10.7	97.3	97.4	0.0	0.0975	0.0
2022	276	22	13.274999999999999	10.69	99.1	97.45	0.0	0.08499999999999999	0.0
2022	276	23	13.04	10.695	99.9	97.45	0.0	0.0885	0.0
2022	277	0	12.940000000000001	10.7	99.9	97.4	0.0	0.099	0.0
2022	277	1	12.785	10.71	99.9	97.45	0.0	0.128	0.0
2022	277	2	12.275	10.71	99.95	97.45	0.0	0.10600000000000001	0.0
2022	277	3	11.850000000000001	10.715	99.9	97.4	0.0	0.123	0.0
2022	277	4	11.705	10.72	99.9	97.3	0.0	0.1835	0.0
2022	277	5	11.99	10.72	99.9	97.25	0.0	0.311	0.0
2022	277	6	11.844999999999999	10.73	99.85	97.3	0.0	0.2575	0.0
2022	277	7	11.54	10.74	99.9	97.2	0.0	0.20750000000000002	0.0
2022	277	8	12.205	10.745000000000001	99.4	97.25	0.0	0.29900000000000004	54.39
2022	277	9	13.594999999999999	10.77	90.5	97.2	0.0	0.33	174.1
2022	277	10	14.79	10.805	82.3	97.2	0.0	0.3805	184.75
2022	277	11	16.11	10.835	76.755	97.2	0.0	0.36550000000000005	290.55
2022	277	12	16.655	10.86	77.89500000000001	97.2	0.0	0.259	213.6
2022	277	13	17.494999999999997	10.89	74.58	97.1	0.0	0.35	242.05
2022	277	14	18.16	10.905000000000001	73.93	97.1	0.0	0.34450000000000003	324.6
2022	277	15	19.615000000000002	10.94	64.815	97.0	37.8	0.6465000000000001	436.45000000000005
2022	277	16	19.685000000000002	10.96	63.955	97.0	0.0	0.502	254.5
2022	277	17	19.29	10.97	66.68	97.0	0.0	0.45899999999999996	230.95
2022	277	18	17.990000000000002	10.97	78.42500000000001	97.0	0.0	0.21650000000000003	70.65
2022	277	19	15.809999999999999	10.965	92.3	97.05	0.0	0.10200000000000001	0.0
2022	277	20	14.275	10.95	99.55000000000001	97.0	0.0	0.101	0.0
2022	277	21	13.625	10.945	99.9	97.0	0.0	0.12	0.0
2022	277	22	12.899999999999999	10.934999999999999	99.9	97.0	0.0	0.129	0.0
2022	277	23	12.575	10.93	99.9	97.0	0.0	0.11349999999999999	0.0
2022	278	0	11.325	10.93	99.95	96.95	0.0	0.0775	0.0
2022	278	1	10.26	10.91	99.9	96.95	0.0	0.0905	0.0
2022	278	2	11.23	10.915	99.9	96.9	0.0	0.1315	0.0
2022	278	3	10.33	10.915	99.9	96.9	0.0	0.11599999999999999	0.0
2022	278	4	10.49	10.92	99.9	96.9	0.0	0.1085	0.0
2022	278	5	11.52	10.93	99.9	96.9	0.0	0.1245	0.0
2022	278	6	10.75	10.94	99.9	96.85	0.0	0.1085	0.0
2022	278	7	10.735	10.94	99.9	96.85	0.0	0.1095	0.0
2022	278	8	11.45	10.95	99.9	96.9	0.0	0.11399999999999999	47.975
2022	278	9	13.1	10.97	99.9	96.85	0.0	0.20600000000000002	172.5
2022	278	10	15.335	11.02	99.85	96.9	0.0	0.36050000000000004	359.3
2022	278	11	18.285	11.08	80.13499999999999	96.9	0.0	0.6515	772.6
2022	278	12	19.854999999999997	11.135000000000002	66.08500000000001	96.9	0.0	0.726	781.95
2022	278	13	21.015	11.17	58.485	96.9	0.0	0.706	858.25
2022	278	14	22.22	11.17	48.93	96.85	0.0	0.651	972.0
2022	278	15	22.195	11.165	42.735	96.8	0.0	0.794	745.1
2022	278	16	21.895	11.17	45.09	96.8	0.0	0.6245	569.2
2022	278	17	20.53	11.155000000000001	53.255	96.8	0.0	0.5355	230.0
2022	278	18	18.005000000000003	11.15	71.235	96.8	0.0	0.1965	83.75
2022	278	19	15.105	11.14	87.0	96.8	0.0	0.1765	3.437
2022	278	20	15.32	11.125	85.25	96.8	0.0	0.334	0.0
2022	278	21	14.485	11.13	93.55	96.9	0.0	0.661	0.0
2022	278	22	13.655000000000001	11.13	83.65	96.95	0.0	0.7665	0.0
2022	278	23	12.030000000000001	11.114999999999998	77.465	97.1	0.0	0.5529999999999999	0.0
2022	279	0	10.16	11.094999999999999	83.5	97.1	0.0	0.4295	0.0
2022	279	1	9.205	11.075	91.55	97.2	0.0	0.478	0.0
2022	279	2	9.184999999999999	11.06	91.1	97.2	0.0	0.548	0.0
2022	279	3	9.575	11.07	86.80000000000001	97.2	0.0	0.8380000000000001	0.0
2022	279	4	7.5009999999999994	11.07	90.0	97.35	0.0	0.9035	0.0
2022	279	5	5.4895	11.06	88.2	97.55	0.0	1.0385	0.0
2022	279	6	4.1080000000000005	11.035	76.89	97.6	0.0	0.997	0.0
2022	279	7	2.988	11.01	81.05000000000001	97.7	0.0	1.0575	0.0
2022	279	8	2.93	11.01	81.55000000000001	97.8	0.0	1.032	64.44
2022	279	9	3.1470000000000002	11.01	78.325	97.9	0.0	1.0825	166.95
2022	279	10	3.4405	11.015	80.30000000000001	98.0	0.0	1.0815000000000001	329.85
2022	279	11	4.054	11.04	83.9	98.1	0.0	1.1125	489.65
2022	279	12	5.1495	11.075	80.25999999999999	98.1	0.0	1.036	624.55
2022	279	13	5.989	11.094999999999999	74.38499999999999	98.15	0.0	1.2285	683.75